Rank-1: 45.11%
Rank-5: 56.17%

              precision    recall  f1-score   support

           0       0.86      0.86      0.86        21
           1       0.93      0.96      0.95        27
           2       0.85      0.85      0.85        20
           3       0.83      0.90      0.86        21
           4       0.79      0.65      0.71        23
           5       0.66      0.90      0.76        21
           6       0.82      0.61      0.70        23
           7       0.76      0.76      0.76        21
           8       0.82      0.72      0.77        25
           9       0.81      0.89      0.85        28
          10       0.73      0.92      0.81        26
          11       0.00      0.00      0.00         1
          12       0.58      0.70      0.64        20
          13       0.87      0.93      0.90        14
          14       0.77      0.68      0.72        25
          15       0.95      0.95      0.95        21
          16       0.54      0.62      0.58        24
          17       0.93      0.90      0.92        30
          18       0.87      0.83      0.85        24
          19       0.89      0.83      0.86        29
          20       0.47      0.31      0.37        26

    accuracy                           0.79       470
   macro avg       0.75      0.75      0.75       470
weighted avg       0.79      0.79      0.78       470

