Rank-1: 77.02%
Rank-5: 93.62%

              precision    recall  f1-score   support

           0       0.86      0.86      0.86        21
           1       0.87      0.96      0.91        27
           2       0.85      0.85      0.85        20
           3       0.83      0.90      0.86        21
           4       0.80      0.70      0.74        23
           5       0.70      1.00      0.82        21
           6       0.74      0.61      0.67        23
           7       0.62      0.76      0.68        21
           8       0.85      0.71      0.77        24
           9       0.81      0.93      0.87        28
          10       0.78      0.88      0.82        24
          12       0.52      0.63      0.57        19
          13       1.00      0.67      0.80        18
          14       0.74      0.77      0.75        26
          15       1.00      1.00      1.00        19
          16       0.48      0.58      0.53        26
          17       0.83      0.88      0.86        34
          18       0.95      0.77      0.85        26
          19       0.82      0.75      0.78        24
          20       0.45      0.20      0.28        25

    accuracy                           0.77       470
   macro avg       0.77      0.77      0.76       470
weighted avg       0.77      0.77      0.76       470

